0 121.573471 25.037877 33.390500
1 121.573472 25.037946 33.390500
2 121.573466 25.037946 33.390500
3 121.573455 25.037946 33.390500
4 121.573447 25.037947 33.390500
5 121.573438 25.037947 33.390500
6 121.573438 25.037936 33.390500
7 121.573437 25.037890 33.390500
8 121.573437 25.037870 33.390500
9 121.573454 25.037870 33.390500
10 121.573471 25.037869 33.390500
11 121.573471 25.037877 33.390500
======
0 121.573471 25.037877 33.390500
1 121.573472 25.037946 33.390500
2 121.573455 25.037947 33.390500
3 121.573438 25.037947 33.390500
4 121.573438 25.037936 33.390500
5 121.573437 25.037890 33.390500
6 121.573437 25.037870 33.390500
7 121.573454 25.037869 33.390500
8 121.573471 25.037869 33.390500
9 121.573471 25.037877 33.390500
