123.txt
121.54916 25.030022 42.132011
121.54917 25.030022 42.153881
121.54917 25.030022 42.159336
121.54919 25.030022 40.434177
121.54919 25.030022 43.180527
121.5492 25.030022 43.180527
121.54926 25.030022 58.723148
121.54926 25.030024 58.723148
121.54927 25.030022 58.723148
121.54928 25.030022 59.740692
121.54929 25.030022 69.290031
121.54929 25.030022 70.61792
121.54933 25.030022 81.642242
121.54933 25.030022 81.943108
121.54934 25.030022 81.975189
121.54945 25.030024 140.96942
121.54946 25.030022 140.96942
121.54946 25.030022 140.96942
121.54947 25.030022 140.95546
121.54948 25.030022 140.89246
121.54948 25.030022 141.01605
121.54949 25.030022 140.87567
121.5495 25.030022 140.45403
121.54951 25.030022 121.28851
121.54951 25.030022 121.65558
121.54952 25.030022 121.71023
121.54952 25.030022 121.79715
121.54954 25.030022 121.87995
121.54955 25.030022 121.69686
121.54959 25.030024 69.033569
121.5496 25.030022 69.033569
121.54961 25.030022 78.75489
121.54961 25.030022 78.75489
121.54962 25.030022 77.977516
121.54964 25.030022 85.483292
121.54964 25.030022 85.483292
121.54969 25.030022 70.281456
121.5497 25.030022 64.028694
121.54971 25.030022 73.301163
121.54971 25.030022 73.664131
121.54972 25.030022 73.664131
121.54972 25.030022 73.664131
121.54974 25.030022 27.243195
121.54974 25.030022 27.519958
121.54975 25.030022 27.706036
121.54976 25.030022 27.855408
121.54976 25.030022 27.972498
121.54977 25.030022 28.255835
121.54978 25.030022 29.54829
121.54979 25.030022 28.474873
121.5498 25.030022 29.810707
121.54982 25.030022 28.954
121.54983 25.030022 29.027649
121.54984 25.030022 28.85503
121.54984 25.030022 28.493074
121.54985 25.030022 27.103415
121.54985 25.030022 27.888063
121.54987 25.030022 27.828533
121.54987 25.030022 27.91737
121.54987 25.030022 27.804419
121.54989 25.030022 27.225813
121.54989 25.030022 27.225813
121.5499 25.030022 29.023579
121.54991 25.030022 28.835548
121.54991 25.030022 28.922899
121.54992 25.030022 31.693466
121.54993 25.030022 32.892212
121.54993 25.030022 33.03051
121.54994 25.030022 33.239792
121.54995 25.030022 33.23093
121.54996 25.030022 33.126255
121.54996 25.030024 33.468758
121.54997 25.030022 33.002155
121.54998 25.030022 32.704655
121.54998 25.030022 32.839462
121.55 25.030022 32.503475
121.55 25.030022 33.273617
121.55 25.030022 36.207287
121.55002 25.030022 39.777252
121.55002 25.030022 36.903885
121.55003 25.030022 37.04612
121.54886 25.030027 7.6371074
121.54887 25.030027 8.2151995
121.54887 25.030024 7.2325373
121.54888 25.030025 8.1488667
121.54889 25.030024 121.12666
121.5489 25.030027 118.5679
121.5489 25.030025 79.958694
121.54891 25.030027 8.7036753
121.54892 25.030027 8.6365976
121.54893 25.030025 8.6966839
121.54893 25.030024 86.580772
121.54894 25.030027 8.7791519
121.54895 25.030027 124.48491
121.54896 25.030025 124.48491
121.54897 25.030027 8.9673719
121.54897 25.030027 8.9795275
121.54898 25.030024 8.824399
121.54898 25.030025 88.434242
121.54899 25.030027 89.587654
121.549 25.030025 8.7665663
121.549 25.030024 42.979214
121.54901 25.030024 89.608696
121.54902 25.030025 8.8584127
121.54903 25.030024 8.8807907
121.54903 25.030027 9.0930529
121.54904 25.030027 8.9921875
121.54905 25.030024 8.9526854
121.54906 25.030024 8.9574223
121.54906 25.030027 8.8881931
121.54907 25.030025 9.2102633
121.54907 25.030025 103.6938
121.54909 25.030027 103.6938
121.54909 25.030025 103.6938
121.5491 25.030025 103.40489
121.5491 25.030027 103.40489
121.54911 25.030025 7.4785299
121.54912 25.030025 42.370792
121.54913 25.030027 42.583626
121.54914 25.030025 98.63945
121.54914 25.030024 98.63945
121.54915 25.030027 99.600105
121.54916 25.030025 99.600105
121.54916 25.030025 99.600105
121.54918 25.030025 54.564587
121.54919 25.030025 55.367146
121.54919 25.030024 55.234978
121.54927 25.030025 58.186409
121.54928 25.030024 59.154922
121.54928 25.030027 80.811279
121.54929 25.030025 59.946114
121.5493 25.030027 82.553047
121.54931 25.030027 82.594322
121.54932 25.030024 81.925163
121.54932 25.030024 81.730499
121.54933 25.030027 81.359451
121.54934 25.030025 81.57859
121.54937 25.030024 79.611786
121.54945 25.030027 140.96942
121.54946 25.030025 140.96942
121.54947 25.030024 140.96942
121.54948 25.030027 140.95546
121.54948 25.030025 141.01605
121.54949 25.030024 141.14429
121.5495 25.030024 140.87567
121.54951 25.030025 111.34421
121.54951 25.030025 111.34421
121.54951 25.030024 111.34421
121.54953 25.030027 111.52744
121.54954 25.030027 65.361961
121.54955 25.030027 111.52744
121.54959 25.030024 62.997845
121.54959 25.030027 69.033569
121.5496 25.030025 69.033569
121.54961 25.030027 85.405777
121.54961 25.030025 85.405777
121.54961 25.030025 85.405777
121.54963 25.030027 85.337105
121.54964 25.030027 85.475708
121.54964 25.030025 85.483292
121.54965 25.030027 85.483292
121.54966 25.030027 85.483292
121.54966 25.030027 74.617836
121.54967 25.030027 75.514015
121.5497 25.030027 73.301163
121.54971 25.030025 73.301163
121.54972 25.030027 73.301163
121.54973 25.030024 26.986649
121.54973 25.030027 26.986649
121.54974 25.030024 27.568108
121.54975 25.030027 27.885096
121.54976 25.030027 28.071709
121.54977 25.030024 28.736544
121.54977 25.030027 29.283672
121.54977 25.030027 29.708849
121.54979 25.030024 28.650442
121.5498 25.030024 28.474873
121.5498 25.030027 28.474873
121.54985 25.030027 28.222673
121.54985 25.030025 28.070236
121.54986 25.030025 36.398132
121.54987 25.030027 28.018564
121.54987 25.030025 27.831421
121.54988 25.030025 27.388214
121.5499 25.030027 28.411144
121.5499 25.030025 28.782057
121.54991 25.030024 31.109798
121.54992 25.030027 27.496038
121.54993 25.030025 32.830814
121.54993 25.030025 33.09428
121.54994 25.030027 33.429695
121.54994 25.030025 33.491619
121.54995 25.030025 33.395935
121.54996 25.030027 33.83609
121.54996 25.030027 33.996658
121.54998 25.030027 33.957558
121.55 25.030025 36.751415
121.55 25.030024 38.663891
121.55002 25.030025 49.271343
121.54887 25.030029 8.272541
121.54887 25.030033 8.3939867
121.54887 25.030031 8.3427277
121.54889 25.030029 8.3438139
121.54889 25.030033 8.4937916
121.5489 25.030033 8.5136423
121.54891 25.030029 8.7084846
121.54891 25.030029 118.03696
121.54892 25.030033 8.7475071
121.54893 25.030029 8.8915472
121.54893 25.030029 8.8398046
121.54893 25.030033 8.7522287
121.54895 25.030031 124.48491
121.54896 25.030029 124.48491
121.54896 25.030033 9.0447836
121.54897 25.030031 8.9860535
121.54897 25.030029 8.8790541
121.54898 25.030029 8.8686361
121.54899 25.030031 9.0898304
121.549 25.030031 9.0382404
121.549 25.030029 8.976285
121.54901 25.030031 9.1513538
121.54902 25.030031 9.1083384
121.54903 25.030029 9.1010761
121.54903 25.030033 9.031723
121.54904 25.030031 8.9577093
121.54904 25.030029 8.9079447
121.54906 25.030033 64.247444
121.54906 25.030031 65.34845
121.54907 25.030029 66.128586
121.54908 25.030031 99.196976
121.54908 25.030031 99.730896
121.54909 25.030031 103.6938
121.5491 25.030027 103.40489
121.5491 25.030031 61.644833
121.54911 25.030031 61.644833
121.54913 25.030033 42.535286
121.54913 25.030031 98.63945
121.54914 25.030029 98.63945
121.54915 25.030029 99.37928
121.54916 25.030033 99.600105
121.54916 25.030031 99.600105
121.54917 25.030033 41.753529
121.54919 25.030029 41.509319
121.54919 25.030033 43.24807
121.5492 25.030031 54.510498
121.5492 25.030029 54.510498
121.54921 25.030029 54.510498
121.54929 25.030031 59.887115
121.54929 25.030031 82.095535
121.5493 25.030029 82.357773
121.54931 25.030031 82.298759
121.54932 25.030031 81.956879
121.54932 25.030029 81.533119
121.54934 25.030031 81.064018
121.54934 25.030029 80.994553
121.54935 25.030029 80.954796
121.54937 25.030029 65.372192
121.54938 25.030031 65.25238
121.54945 25.030033 72.492195
121.54947 25.030029 72.984482
121.54947 25.030029 140.96942
121.54948 25.030033 72.443954
121.54948 25.030031 140.89246
121.54949 25.030029 141.14429
121.5495 25.030033 111.34421
121.54951 25.030031 111.34421
121.54951 25.030029 111.34421
121.54951 25.030029 111.34421
121.54953 25.030031 111.52744
121.54954 25.030029 71.30574
121.54954 25.030027 71.30574
121.54955 25.030033 79.217987
121.54956 25.030031 79.217987
121.54957 25.030029 79.217987
121.54958 25.030033 79.217987
121.54959 25.030033 69.033569
121.54959 25.030031 69.033569
121.54961 25.030029 69.033569
121.54961 25.030033 85.405777
121.54961 25.030031 85.405777
121.54962 25.030029 85.405777
121.54963 25.030031 85.190147
121.54964 25.030031 85.133095
121.54964 25.030029 85.483292
121.54965 25.030033 85.483292
121.54965 25.030029 74.617836
121.54967 25.030031 75.379967
121.54971 25.030031 73.301163
121.54971 25.030031 73.301163
121.54972 25.030029 26.986649
121.54973 25.030033 27.44569
121.54973 25.030031 27.349888
121.54974 25.030029 27.651121
121.54974 25.030029 27.752258
121.54975 25.030033 28.20956
121.54976 25.030031 29.999887
121.54977 25.030031 67.14151
121.54977 25.030029 67.14151
121.54979 25.030029 28.988579
121.5498 25.030029 66.579338
121.54982 25.030033 27.847872
121.54984 25.030029 28.749716
121.54984 25.030029 28.634304
121.54985 25.030033 28.761244
121.54987 25.030033 29.873629
121.54987 25.030031 30.033459
121.54988 25.030029 31.630106
121.5499 25.030031 28.782057
121.54991 25.030029 27.496038
121.54992 25.030031 32.499561
121.54993 25.030033 33.674706
121.54994 25.030031 33.641758
121.54994 25.030031 33.672291
121.54996 25.030033 34.119675
121.54996 25.030031 34.411427
121.54997 25.030031 34.220875
121.54998 25.030033 34.462887
121.55 25.030029 35.214336
121.55 25.030029 33.334827
121.55001 25.030031 38.787056
121.55003 25.030029 49.271343
121.54886 25.030035 8.3361139
121.54887 25.030037 8.3475475
121.54887 25.030037 8.3155956
121.54888 25.030035 8.3090067
121.54889 25.030039 8.5353985
121.5489 25.030037 8.5571718
121.5489 25.030037 8.5871105
121.54891 25.030033 8.7723818
121.54892 25.030037 8.6168537
121.54892 25.030037 8.5768566
121.54893 25.030035 8.8073616
121.54893 25.030039 124.46703
121.54894 25.030037 124.46703
121.54896 25.030035 124.48491
121.54896 25.030039 80.234245
121.54897 25.030037 80.234245
121.54897 25.030035 80.234245
121.54898 25.030039 9.4739103
121.54899 25.030037 9.4467745
121.549 25.030035 9.2935572
121.549 25.030035 9.2242546
121.54901 25.030037 9.1471262
121.54902 25.030035 9.0425482
121.54903 25.030035 9.0320339
121.54903 25.030033 65.122986
121.54904 25.030035 8.5274477
121.54905 25.030035 64.247444
121.54906 25.030039 63.181145
121.54906 25.030037 63.621819
121.54907 25.030035 66.13195
121.54907 25.030035 15.114877
121.54908 25.030037 15.251423
121.54909 25.030035 97.255165
121.5491 25.030035 15.525406
121.54911 25.030037 41.166656
121.54911 25.030035 41.166656
121.54912 25.030035 42.241444
121.54913 25.030037 98.63945
121.54913 25.030037 98.63945
121.54914 25.030035 98.63945
121.54916 25.030037 99.600105
121.54916 25.030035 99.600105
121.54916 25.030039 42.753239
121.54919 25.030039 43.492588
121.5492 25.030037 43.492588
121.54921 25.030035 42.902905
121.54922 25.030039 52.184952
121.54929 25.030037 82.218376
121.54929 25.030037 82.273781
121.5493 25.030035 82.447784
121.5493 25.030039 82.911179
121.54931 25.030037 82.571136
121.54932 25.030035 82.101662
121.54932 25.030033 81.600159
121.54933 25.030037 81.693405
121.54934 25.030035 81.094742
121.54935 25.030035 72.744453
121.54935 25.030039 73.207649
121.54936 25.030035 65.007668
121.54937 25.030035 64.788132
121.54938 25.030037 64.352547
121.5494 25.030037 63.438904
121.54944 25.030037 72.5606
121.54944 25.030035 72.5606
121.54945 25.030037 72.492195
121.54946 25.030037 72.469254
121.54946 25.030035 72.446907
121.54948 25.030035 70.541901
121.54948 25.030035 70.541901
121.54948 25.030035 140.89246
121.54949 25.030033 141.14429
121.5495 25.030037 111.34421
121.54951 25.030035 111.34421
121.54952 25.030039 111.34421
121.54952 25.030037 111.52744
121.54953 25.030037 111.52744
121.54954 25.030035 71.30574
121.54955 25.030039 71.668922
121.54955 25.030035 79.217987
121.54956 25.030037 79.217987
121.54956 25.030037 79.217987
121.54957 25.030035 85.515755
121.54958 25.030035 83.845291
121.54959 25.030039 83.349426
121.54961 25.030039 85.451775
121.54961 25.030037 85.451775
121.54962 25.030035 85.451775
121.54963 25.030039 85.597191
121.54964 25.030035 75.593033
121.54964 25.030035 85.483292
121.54964 25.030033 85.483292
121.54965 25.030035 74.617836
121.54967 25.030037 75.693718
121.54968 25.030035 75.192986
121.54971 25.030037 73.301163
121.54971 25.030035 73.301163
121.54971 25.030039 73.301163
121.54973 25.030039 27.864037
121.54974 25.030037 27.680964
121.54974 25.030035 27.753969
121.54974 25.030039 28.359556
121.54975 25.030039 74.315796
121.54976 25.030037 29.999887
121.54977 25.030035 29.652678
121.54977 25.030037 29.652678
121.54978 25.030037 30.300257
121.54979 25.030035 29.383562
121.5498 25.030035 66.065636
121.5498 25.030037 29.147245
121.54982 25.030037 28.219522
121.54983 25.030037 29.771009
121.54984 25.030035 29.401632
121.54985 25.030037 30.145973
121.54986 25.030035 29.873629
121.54986 25.030035 29.873629
121.54987 25.030037 29.873629
121.54988 25.030035 31.583111
121.5499 25.030037 28.459103
121.5499 25.030035 36.402306
121.54992 25.030037 32.912395
121.54993 25.030035 33.705242
121.54994 25.030037 33.826565
121.54995 25.030035 33.821747
121.54995 25.030035 33.68874
121.54996 25.030037 34.598457
121.54996 25.030037 34.970493
121.54997 25.030035 34.68861
121.54998 25.030039 35.270035
121.54999 25.030037 33.629021
121.55 25.030039 36.926327
121.54886 25.030041 8.2126932
121.54887 25.030043 8.2092733
121.54887 25.030043 8.2273827
121.54888 25.030041 142.78618
121.54889 25.030039 8.3922882
121.54889 25.030043 8.435585
121.5489 25.030041 8.4841862
121.5489 25.030039 8.5840235
121.54891 25.030043 8.5487289
121.54892 25.030041 124.46703
121.54893 25.030041 124.46703
121.54893 25.030045 8.7103415
121.54894 25.030041 8.6432333
121.54895 25.030041 80.234245
121.54896 25.030041 80.234245
121.54897 25.030043 80.798744
121.54897 25.030041 80.798744
121.54897 25.030041 9.3493767
121.54899 25.030043 9.3453045
121.549 25.030041 95.136986
121.549 25.030041 124.71533
121.54901 25.030043 8.7752914
121.54902 25.030041 8.6877842
121.54902 25.030041 8.6192122
121.54903 25.030043 8.4924269
121.54903 25.030043 8.4946442
121.54904 25.030041 8.4791641
121.54906 25.030043 67.104622
121.54906 25.030043 8.330327
121.54906 25.030041 8.265748
121.54907 25.030045 78.279312
121.54908 25.030043 16.033072
121.54909 25.030041 15.891901
121.5491 25.030039 93.731209
121.5491 25.030043 93.731209
121.5491 25.030043 94.277199
121.54912 25.030039 41.166656
121.54913 25.030043 41.166656
121.54913 25.030041 41.618187
121.54914 25.030039 98.63945
121.54915 25.030043 99.37928
121.54916 25.030041 99.600105
121.54916 25.030041 78.672279
121.54917 25.030041 78.766457
121.54918 25.030045 78.67144
121.54921 25.030039 52.367104
121.54924 25.030041 72.979691
121.54924 25.030041 73.028671
121.54926 25.030045 71.013527
121.54927 25.030043 72.980698
121.54927 25.030041 82.2593
121.54928 25.030045 74.043488
121.54929 25.030043 71.928085
121.54929 25.030041 82.764114
121.5493 25.030043 83.374107
121.54931 25.030041 83.062729
121.54932 25.030043 72.232071
121.54933 25.030045 71.059082
121.54933 25.030043 71.059082
121.54934 25.030039 81.682098
121.54935 25.030039 72.676537
121.54935 25.030045 71.669807
121.54936 25.030041 73.909828
121.54937 25.030041 70.898239
121.54938 25.030043 72.57029
121.54938 25.030041 64.302864
121.54939 25.030041 68.96785
121.5494 25.030043 72.102165
121.54941 25.030041 65.3778
121.54942 25.030043 65.491165
121.54942 25.030045 72.557938
121.54942 25.030043 72.557938
121.54944 25.030041 72.490685
121.54945 25.030039 72.490685
121.54945 25.030043 72.490685
121.54946 25.030041 72.469254
121.54946 25.030041 72.446907
121.54947 25.030043 72.585098
121.54948 25.030043 71.795486
121.54948 25.030041 72.400223
121.54949 25.030045 72.975555
121.5495 25.030043 111.34421
121.54951 25.030041 111.34421
121.54951 25.030041 111.34421
121.54952 25.030043 111.34421
121.54952 25.030043 111.52744
121.54953 25.030041 111.52744
121.54955 25.030043 73.190193
121.54955 25.030041 71.004112
121.54955 25.030041 71.488029
121.54957 25.030041 79.217987
121.54957 25.030039 79.217987
121.54958 25.030043 84.217102
121.54958 25.030045 74.332237
121.54959 25.030041 84.670723
121.5496 25.030043 86.602547
121.54961 25.030041 85.539581
121.54962 25.030041 85.639999
121.54963 25.030045 85.81234
121.54964 25.030045 95.624802
121.54964 25.030043 95.624802
121.54964 25.030039 85.59771
121.54968 25.030043 74.600708
121.54969 25.030041 74.600708
121.54971 25.030041 73.301163
121.54973 25.030043 28.064714
121.54974 25.030043 27.855133
121.54974 25.030041 51.673954
121.54974 25.030045 28.608213
121.54975 25.030043 74.315796
121.54976 25.030041 74.315796
121.54977 25.030041 87.613434
121.54978 25.030043 86.629997
121.54978 25.030041 86.65345
121.5498 25.030045 91.859978
121.5498 25.030043 67.381065
121.5498 25.030041 29.786644
121.54982 25.030043 30.225719
121.54983 25.030041 29.996048
121.54984 25.030039 28.588673
121.54984 25.030043 30.189272
121.54985 25.030041 30.145973
121.54986 25.030045 30.799654
121.54987 25.030043 30.799654
121.54987 25.030041 30.799654
121.54988 25.030041 30.799654
121.54989 25.030043 27.616333
121.5499 25.030041 28.929379
121.54992 25.030043 27.731873
121.54993 25.030039 34.037651
121.54993 25.030045 30.450691
121.54993 25.030043 33.913651
121.54996 25.030043 35.112301
121.54996 25.030043 35.748497
121.54997 25.030041 35.329826
121.54998 25.030043 30.548174
121.54999 25.030043 33.629021
121.55 25.030041 33.629021
121.55 25.030043 33.212971
121.55001 25.030043 33.212971
121.54886 25.03005 8.2929363
121.54887 25.030046 8.2888632
121.54887 25.030046 8.1645956
121.54888 25.030045 8.1639347
121.5489 25.030048 8.446867
121.5489 25.030046 8.4295893
121.5489 25.030045 8.4379005
121.54891 25.030048 8.6017895
121.54892 25.030046 8.5554838
121.54893 25.030046 124.46703
121.54893 25.03005 127.04323
121.54894 25.030046 8.7819605
121.54894 25.030046 127.04323
121.54896 25.03005 125.12094
121.54896 25.030048 125.20402
121.54897 25.030046 80.095352
121.54898 25.030045 9.1761627
121.54898 25.030048 9.0970669
121.54899 25.030046 9.0910368
121.549 25.030045 125.98239
121.549 25.030048 8.8361721
121.549 25.030048 8.7441483
121.54902 25.030046 8.5731897
121.54903 25.03005 8.5213909
121.54903 25.030048 8.5092125
121.54904 25.030046 63.27599
121.54905 25.03005 77.661118
121.54906 25.030048 77.661118
121.54906 25.030046 77.661118
121.54906 25.030045 78.279312
121.54907 25.03005 65.478561
121.54909 25.030046 93.731209
121.54909 25.030045 93.731209
121.5491 25.030048 87.589073
121.54911 25.030046 15.07313
121.54912 25.030048 88.433289
121.54913 25.030048 88.433289
121.54913 25.030045 88.433289
121.54916 25.030046 99.600105
121.54916 25.030046 77.996323
121.54917 25.030048 77.730713
121.54918 25.030048 78.327194
121.54924 25.030046 72.979691
121.54925 25.030048 73.102898
121.54926 25.03005 73.922874
121.54926 25.030048 73.922874
121.54927 25.030046 74.043488
121.54927 25.030045 74.043488
121.54928 25.030048 73.68161
121.54929 25.030046 82.462257
121.5493 25.03005 73.732376
121.5493 25.030045 72.232071
121.54932 25.030046 71.70298
121.54932 25.030045 71.392151
121.54932 25.030048 71.814575
121.54934 25.030046 71.814575
121.54935 25.030045 71.774864
121.54935 25.030048 73.962654
121.54936 25.030046 71.669807
121.54936 25.030046 71.768211
121.54938 25.030048 72.489632
121.54939 25.030046 72.333183
121.54939 25.030046 72.297371
121.54939 25.030048 73.614891
121.54941 25.030046 72.694206
121.54941 25.030046 72.557938
121.54942 25.030045 72.557938
121.54943 25.030048 72.536919
121.54943 25.030046 72.490685
121.54944 25.030045 72.490685
121.54945 25.030048 72.371552
121.54945 25.030046 72.587425
121.54946 25.030046 72.578888
121.54947 25.030048 72.619476
121.54948 25.030046 72.69574
121.54948 25.030046 72.69574
121.54949 25.030048 72.975555
121.5495 25.030048 72.975555
121.5495 25.030046 72.975555
121.54951 25.030045 111.34421
121.54951 25.030048 111.34421
121.54952 25.030048 111.34421
121.54953 25.030046 111.52744
121.54954 25.03005 73.201714
121.54954 25.030048 73.115997
121.54955 25.030048 92.876862
121.54956 25.030045 72.075089
121.54957 25.030046 72.30851
121.54958 25.030046 74.332237
121.54958 25.030046 95.977119
121.54958 25.030046 95.977119
121.5496 25.030046 94.098816
121.54961 25.030046 85.722984
121.54962 25.030046 95.624802
121.54964 25.030045 95.624802
121.54964 25.030048 95.624802
121.54967 25.030045 74.600708
121.54971 25.030048 74.625008
121.54971 25.030046 74.625008
121.54972 25.030045 29.183979
121.54974 25.030046 28.193682
121.54974 25.03005 28.805334
121.54974 25.030048 73.233025
121.54975 25.030046 73.670258
121.54977 25.030046 86.383255
121.54977 25.030048 85.600975
121.54977 25.030046 85.649437
121.54978 25.030046 85.81044
121.54979 25.030045 85.895348
121.5498 25.030048 90.017624
121.5498 25.030048 90.498672
121.54981 25.030046 91.233253
121.54982 25.030045 64.857407
121.54983 25.030046 30.225719
121.54983 25.030046 29.996048
121.54984 25.030048 31.164806
121.54985 25.030046 31.149954
121.54986 25.030045 30.799654
121.54987 25.030046 29.848145
121.54987 25.030046 29.848145
121.54988 25.030045 29.848145
121.5499 25.030046 64.722717
121.54991 25.030045 64.722717
121.54992 25.030046 27.731873
121.54993 25.030045 30.450691
121.54993 25.030048 30.450691
121.54994 25.030046 34.322384
121.54996 25.030048 30.264008
121.54996 25.030046 29.748711
121.54997 25.030045 30.548174
121.54999 25.030046 33.507313
121.55 25.030045 33.212971
121.55 25.030045 33.212971
121.55002 25.030045 28.836048
121.55003 25.030048 28.836048
121.54887 25.030054 8.2984743
121.54887 25.030052 8.3423958
121.54887 25.030052 8.3416681
121.54889 25.03005 7.4553132
121.54889 25.030054 8.264801
121.5489 25.030052 8.3980131
121.5489 25.030054 8.3895407
121.54891 25.030054 8.4916353
121.54892 25.030052 8.5948019
121.54893 25.03005 8.5760994
121.54893 25.030054 127.04323
121.54893 25.030052 8.8376932
121.54895 25.03005 9.0301838
121.54896 25.030054 127.76357
121.54896 25.030054 127.74968
121.54897 25.030052 79.492378
121.54897 25.030054 9.1689329
121.54898 25.030054 8.9875565
121.54899 25.030052 9.0332556
121.549 25.03005 8.9178925
121.549 25.030054 8.8275709
121.54901 25.030052 8.6527033
121.54902 25.03005 8.5761757
121.54903 25.030054 8.4050884
121.54903 25.030052 8.4544821
121.54904 25.03005 77.661118
121.54905 25.030054 64.610382
121.54906 25.030052 65.09655
121.54906 25.030052 65.09655
121.54906 25.03005 65.478561
121.54908 25.030052 16.028875
121.54909 25.030052 15.497438
121.54909 25.030052 7.3125439
121.5491 25.030052 15.839838
121.5491 25.030052 91.758392
121.54911 25.030052 15.251742
121.54913 25.03005 88.433289
121.54915 25.030052 56.56036
121.54916 25.030052 56.56036
121.54917 25.030052 77.276543
121.54918 25.030052 77.571968
121.54923 25.030054 73.302002
121.54924 25.030052 73.465622
121.54924 25.030052 73.594742
121.54925 25.03005 73.756798
121.54926 25.030052 73.922874
121.54927 25.030052 73.204834
121.54927 25.03005 73.204834
121.54928 25.030054 72.830734
121.54929 25.030052 73.204834
121.5493 25.030054 73.732376
121.54931 25.030052 72.353912
121.54932 25.030052 72.18721
121.54932 25.030054 67.81179
121.54933 25.030054 74.350502
121.54934 25.030052 74.174896
121.54934 25.030054 70.326424
121.54935 25.030054 72.556969
121.54936 25.030052 72.547424
121.54936 25.030052 72.61145
121.54938 25.030054 72.678703
121.54938 25.030052 72.595161
121.54939 25.030054 69.908646
121.5494 25.030054 72.568558
121.5494 25.030052 72.599754
121.54941 25.030052 72.557938
121.54942 25.030054 72.649109
121.54942 25.030052 71.966637
121.54943 25.030052 72.149559
121.54944 25.030054 73.678101
121.54945 25.030054 73.011993
121.54945 25.030052 72.609734
121.54946 25.03005 72.611183
121.54947 25.030054 72.708061
121.54947 25.030052 72.73864
121.54948 25.03005 72.975555
121.54948 25.030052 69.797813
121.54949 25.030054 73.070602
121.54951 25.030052 73.104782
121.54951 25.03005 111.34421
121.54952 25.030054 71.618095
121.54952 25.030052 73.140701
121.54953 25.03005 73.226158
121.54954 25.030054 73.161629
121.54955 25.03005 70.925507
121.54955 25.03005 71.152557
121.54956 25.03005 71.312408
121.54957 25.030054 69.838821
121.54958 25.030052 74.960579
121.54958 25.030052 95.977119
121.54959 25.03005 72.985352
121.54961 25.030052 94.098816
121.54961 25.030052 95.001259
121.54964 25.030052 75.031006
121.54966 25.030054 75.412201
121.54967 25.030052 76.014519
121.54969 25.03005 76.014519
121.54969 25.030052 74.625008
121.5497 25.03005 74.625008
121.54971 25.030052 74.625008
121.54971 25.030052 74.625008
121.54972 25.030054 29.183979
121.54974 25.03005 28.644403
121.54974 25.030054 29.571215
121.54974 25.030054 29.571215
121.54976 25.030052 31.16382
121.54976 25.03005 31.474461
121.54977 25.030054 31.34008
121.54977 25.03005 84.834206
121.54978 25.030054 84.575394
121.54979 25.030052 84.631538
121.5498 25.030054 88.816948
121.5498 25.030052 88.988625
121.54981 25.030052 89.332085
121.54982 25.030052 31.107731
121.54983 25.03005 30.938921
121.54984 25.03005 31.101471
121.54984 25.030054 32.12648
121.54985 25.030052 32.179367
121.54985 25.03005 31.853432
121.54987 25.030052 29.848145
121.54987 25.03005 29.848145
121.54988 25.03005 29.848145
121.5499 25.03005 29.758839
121.5499 25.030052 58.837772
121.54991 25.030054 30.187195
121.54992 25.030052 31.656799
121.54992 25.030052 62.087803
121.54994 25.030052 30.250608
121.54995 25.03005 30.447845
121.54996 25.030052 26.764004
121.54996 25.03005 26.764004
121.54998 25.030054 29.628248
121.54999 25.030052 33.507313
121.54999 25.03005 29.628248
121.55 25.030054 29.638586
121.55001 25.030052 28.81184
121.55002 25.03005 28.836048
121.54886 25.030056 8.2523251
121.54887 25.030056 7.3146868
121.54887 25.03006 7.3805709
121.54888 25.030058 7.3743896
121.54888 25.030056 7.4433427
121.5489 25.030056 8.299469
121.5489 25.030056 8.3430939
121.5489 25.03006 8.4404688
121.54892 25.030058 8.5708685
121.54893 25.030056 125.36152
121.54893 25.030056 8.5751963
121.54894 25.030058 8.6732798
121.54894 25.030056 127.04323
121.54895 25.030056 8.6689157
121.54896 25.030058 127.74968
121.54897 25.030058 127.74968
121.54897 25.030056 127.74968
121.54898 25.030058 9.0570211
121.54899 25.030058 82.081032
121.54899 25.030056 9.0512562
121.549 25.030058 8.6873589
121.54901 25.030058 8.5894108
121.54902 25.030056 8.5233488
121.54903 25.030058 8.3401699
121.54903 25.030058 8.3800955
121.54903 25.030058 64.610382
121.54905 25.03006 64.610382
121.54906 25.030058 69.716324
121.54906 25.030058 78.434761
121.54906 25.03006 8.1923714
121.54907 25.03006 16.564898
121.54908 25.030058 16.45817
121.54909 25.030056 15.058033
121.5491 25.030056 15.441904
121.5491 25.030058 16.045113
121.54911 25.030058 14.939281
121.54912 25.03006 49.161358
121.54915 25.030058 95.68895
121.54923 25.03006 72.116249
121.54924 25.030058 73.465622
121.54925 25.030056 73.594742
121.54926 25.030058 73.264191
121.54926 25.030058 73.301453
121.54927 25.030056 73.250053
121.54929 25.030058 73.024788
121.54929 25.030056 72.741096
121.5493 25.03006 72.791252
121.54931 25.030058 72.677689
121.54932 25.030056 72.629784
121.54932 25.030056 72.596046
121.54932 25.03006 72.596046
121.54934 25.030058 72.885956
121.54934 25.030056 73.962654
121.54935 25.03006 72.792053
121.54936 25.030058 72.873329
121.54936 25.030056 72.868019
121.54937 25.03006 72.872826
121.54938 25.030058 72.758484
121.54939 25.030058 72.628105
121.54939 25.03006 72.509865
121.5494 25.03006 72.567497
121.5494 25.030058 72.58564
121.54942 25.030056 72.548386
121.54942 25.03006 73.352989
121.54942 25.030058 72.841095
121.54945 25.03006 73.613533
121.54945 25.030058 73.441788
121.54945 25.030056 72.609734
121.54947 25.030058 72.644722
121.54947 25.030058 73.164803
121.54948 25.030056 72.844582
121.54949 25.03006 72.972862
121.54949 25.030058 73.049774
121.5495 25.030058 73.139763
121.54951 25.03006 73.102974
121.54951 25.030058 73.102974
121.54952 25.030058 73.121155
121.54953 25.03006 73.235863
121.54954 25.030058 73.142799
121.54955 25.030058 73.011559
121.54955 25.03006 72.521095
121.54956 25.030058 70.956902
121.54957 25.03006 88.793365
121.54958 25.030056 86.294937
121.54958 25.030058 72.606544
121.54958 25.030058 85.683083
121.5496 25.030058 93.830093
121.5496 25.030058 94.534485
121.54963 25.030058 94.091484
121.54966 25.030056 75.412201
121.54968 25.030056 76.014519
121.54968 25.030058 75.309151
121.54971 25.030056 29.621166
121.54972 25.03006 74.636879
121.54973 25.03006 74.636879
121.54974 25.030056 29.509636
121.54974 25.03006 30.470348
121.54974 25.03006 30.439785
121.54976 25.030056 31.16382
121.54977 25.03006 31.474461
121.54977 25.030056 78.73185
121.54979 25.030056 88.709229
121.54979 25.030056 88.709229
121.5498 25.03006 88.269371
121.5498 25.030058 88.111855
121.54981 25.030056 88.268593
121.54982 25.03006 87.723595
121.54983 25.030056 31.810165
121.54984 25.030056 31.976753
121.54984 25.03006 32.059044
121.54985 25.030056 32.179367
121.54986 25.030056 31.853432
121.54987 25.030058 29.848145
121.54988 25.03006 30.146143
121.54989 25.03006 91.960426
121.5499 25.030058 61.882973
121.54991 25.030058 28.706182
121.54992 25.030058 29.746553
121.54993 25.030056 55.861221
121.54994 25.030056 30.512054
121.54995 25.03006 29.994686
121.54996 25.03006 29.830223
121.54996 25.030056 29.727591
121.54997 25.030056 29.628248
121.54997 25.03006 30.15962
121.54999 25.030058 30.034809
121.54999 25.030056 29.904915
121.55 25.03006 29.845125
121.55 25.030058 30.368048
121.55001 25.030056 30.368048
121.55002 25.03006 31.702412
121.54887 25.030064 8.6771927
121.54887 25.030062 8.4199715
121.54887 25.030066 8.0765276
121.54889 25.030062 7.5294995
121.54889 25.030066 7.737606
121.5489 25.030062 8.4179173
121.5489 25.030064 8.7036352
121.54891 25.030064 8.6604013
121.54892 25.030062 8.6698236
121.54893 25.030066 8.8099689
121.54893 25.030064 127.04323
121.54894 25.030062 8.6155958
121.54895 25.03006 127.62181
121.54896 25.030064 127.91183
121.54896 25.030064 127.91183
121.54897 25.030062 80.182594
121.54897 25.030066 127.05725
121.54898 25.030064 9.1355057
121.549 25.030062 8.9787092
121.549 25.030066 125.29861
121.549 25.030064 125.29861
121.54901 25.030062 108.55969
121.54902 25.030066 108.55969
121.54903 25.030064 108.55969
121.54903 25.030062 8.6345959
121.54904 25.030062 6.5223174
121.54904 25.030066 8.4257441
121.54906 25.030064 69.716324
121.54906 25.030062 8.2466393
121.54906 25.030066 8.3746386
121.54908 25.030062 16.317795
121.54908 25.030062 14.128851
121.54909 25.03006 15.223659
121.5491 25.030064 16.377974
121.5491 25.030064 14.939281
121.54911 25.030062 49.530571
121.54915 25.030064 72.155373
121.54915 25.030062 95.816414
121.54922 25.030062 73.54155
121.54922 25.030062 71.95356
121.54925 25.030066 73.1026
121.54926 25.030064 73.104424
121.54927 25.030062 73.102104
121.54928 25.030066 73.060196
121.54929 25.030064 73.034782
121.54929 25.030062 72.836983
121.5493 25.030064 71.218666
121.5493 25.030066 72.828033
121.54931 25.030062 72.795906
121.54932 25.03006 72.877579
121.54932 25.030066 72.796692
121.54933 25.030064 72.957108
121.54934 25.030062 72.898674
121.54935 25.030064 73.320709
121.54935 25.030064 72.76532
121.54936 25.030062 72.910347
121.54936 25.030062 72.945869
121.54938 25.030064 72.658981
121.54939 25.030062 72.579918
121.54939 25.030062 72.503784
121.5494 25.030064 72.56649
121.54941 25.030062 72.589783
121.54941 25.030062 72.557426
121.54942 25.030064 72.489037
121.54943 25.030062 71.99736
121.54944 25.030066 72.395599
121.54945 25.030064 72.594177
121.54945 25.030062 72.594177
121.54946 25.030066 72.660004
121.54947 25.030064 70.687103
121.54948 25.030062 72.201408
121.54948 25.030062 72.842278
121.54949 25.030064 72.872032
121.5495 25.030064 72.945114
121.5495 25.030062 73.017868
121.54951 25.030064 73.202698
121.54951 25.030064 73.220329
121.54952 25.030062 73.248886
121.54953 25.030066 73.249413
121.54954 25.030064 73.104851
121.54955 25.030062 72.978638
121.54955 25.030066 70.690567
121.54956 25.030066 72.701126
121.54957 25.030066 87.721207
121.54958 25.030064 87.939117
121.54958 25.030062 88.40873
121.54958 25.030062 88.164398
121.5496 25.030064 86.903122
121.54961 25.030066 93.001381
121.54961 25.030066 93.296867
121.54964 25.030062 112.8586
121.54965 25.030062 95.091042
121.54966 25.030064 96.853264
121.54967 25.030062 75.428383
121.54967 25.030062 75.370422
121.54968 25.030066 75.461174
121.5497 25.030066 76.75708
121.54971 25.030066 75.569656
121.54972 25.030062 74.636879
121.54973 25.030064 30.396223
121.54973 25.030062 30.399954
121.54974 25.030062 30.439569
121.54974 25.030064 30.295084
121.54975 25.030062 29.879044
121.54976 25.030062 29.879044
121.54977 25.030064 29.743372
121.54977 25.030064 29.743372
121.54977 25.030062 29.18745
121.54979 25.030064 28.284534
121.54979 25.03006 87.162308
121.5498 25.030066 65.203461
121.5498 25.030062 87.520027
121.54982 25.030064 31.861601
121.54982 25.030064 87.028633
121.54984 25.030066 31.976753
121.54984 25.030064 32.059044
121.54984 25.030062 32.12648
121.54985 25.030062 89.690651
121.54986 25.030066 90.546089
121.54987 25.030062 29.848145
121.54988 25.030062 90.560555
121.54989 25.030064 98.807419
121.5499 25.030064 98.807419
121.54992 25.030062 29.363138
121.54993 25.030066 31.313677
121.54993 25.030062 55.861221
121.54993 25.030062 30.34733
121.54994 25.030062 30.494932
121.54995 25.030066 63.122101
121.54996 25.030062 30.430641
121.54997 25.03006 30.265909
121.54997 25.030064 30.637028
121.54999 25.030062 30.361687
121.55 25.030062 30.151489
121.55 25.030064 30.033466
121.55001 25.030062 31.702412
121.55001 25.030062 31.702412
121.55002 25.030064 29.774517
121.54886 25.030069 9.1672916
121.54887 25.030069 9.2063704
121.54887 25.030067 8.9805346
121.54888 25.030069 9.1924381
121.54888 25.030069 9.4169006
121.54889 25.030067 9.223918
121.5489 25.030069 108.67751
121.5489 25.030067 108.67751
121.54891 25.030071 108.67751
121.54892 25.030066 9.0634661
121.54893 25.030069 9.6681089
121.54893 25.030069 9.4846449
121.54894 25.030066 9.1761808
121.54895 25.030066 127.16101
121.54896 25.030069 126.97633
121.54897 25.030067 127.12882
121.54897 25.030066 127.05725
121.54898 25.030071 9.2852936
121.54899 25.030067 127.55171
121.549 25.030071 9.4299021
121.549 25.030069 125.29861
121.54901 25.030067 128.25169
121.54902 25.030067 128.25169
121.54902 25.030069 108.55969
121.54903 25.030067 8.5442219
121.54903 25.030067 8.5465708
121.54904 25.030071 8.7203293
121.54905 25.030067 8.4090042
121.54906 25.030067 8.379529
121.54906 25.030066 78.968178
121.54907 25.030069 63.699806
121.54908 25.030067 8.8937721
121.54908 25.030067 15.76194
121.5491 25.030066 15.538499
121.5491 25.030067 14.270084
121.5491 25.030066 14.333294
121.54912 25.030069 14.856964
121.54913 25.030067 52.424435
121.54913 25.030066 52.424435
121.54914 25.030069 97.092476
121.54915 25.030067 97.274551
121.54916 25.030071 70.706985
121.54922 25.030067 73.327522
121.54922 25.030066 72.618423
121.54923 25.030069 73.111481
121.54925 25.030067 73.093719
121.54925 25.030071 72.154755
121.54926 25.030069 73.078934
121.54926 25.030067 73.025894
121.54927 25.030066 73.053421
121.54928 25.030071 72.952049
121.54929 25.030067 73.02697
121.54929 25.030067 72.98671
121.54929 25.030066 72.870636
121.54931 25.030067 72.7034
121.54932 25.030067 72.704559
121.54932 25.030066 72.736336
121.54933 25.030069 72.665886
121.54933 25.030067 72.699379
121.54934 25.030066 72.659706
121.54935 25.030069 72.444351
121.54935 25.030067 72.517403
121.54936 25.030067 72.64624
121.54938 25.030069 72.503265
121.54938 25.030067 72.517715
121.54939 25.030067 72.478539
121.54939 25.030069 72.193176
121.5494 25.030067 72.43364
121.54941 25.030067 72.499947
121.54942 25.030071 72.282578
121.54942 25.030069 72.282578
121.54942 25.030069 72.325653
121.54943 25.030071 72.409882
121.54944 25.030069 72.409882
121.54945 25.030067 72.610939
121.54946 25.030069 70.497032
121.54946 25.030071 72.660004
121.54947 25.030069 137.22292
121.54948 25.030066 72.847786
121.54948 25.030069 72.870445
121.54949 25.030069 72.870445
121.5495 25.030067 73.129494
121.54951 25.030069 73.047005
121.54951 25.030069 73.202698
121.54952 25.030067 73.210503
121.54953 25.030066 73.323044
121.54954 25.030069 73.166084
121.54954 25.030067 73.04306
121.54955 25.030067 72.972336
121.54955 25.030066 72.855026
121.54957 25.030067 71.997223
121.54957 25.030069 88.057976
121.54958 25.030067 86.4589
121.54958 25.030071 87.136047
121.54959 25.030069 87.678497
121.5496 25.030067 91.462814
121.54962 25.030067 91.485214
121.54962 25.030067 91.909454
121.54963 25.030071 90.161575
121.54964 25.030069 90.347832
121.54964 25.030067 90.347832
121.54965 25.030066 95.628563
121.54966 25.030069 75.428383
121.54967 25.030067 95.409004
121.54967 25.030067 75.481758
121.54968 25.030069 75.587212
121.54969 25.030067 90.88047
121.54969 25.030067 92.081535
121.54971 25.030071 75.569656
121.54971 25.030069 75.569656
121.54972 25.030069 30.071896
121.54973 25.030067 30.321569
121.54974 25.030066 30.352007
121.54974 25.030067 80.9963
121.54976 25.030067 29.743372
121.54976 25.030071 30.153679
121.54977 25.030069 29.743372
121.54978 25.030067 87.298195
121.54979 25.030069 28.379642
121.5498 25.030067 31.015678
121.5498 25.030067 82.380241
121.54981 25.030069 31.285496
121.54981 25.030069 31.854361
121.54983 25.030067 31.842537
121.54983 25.030071 31.810165
121.54984 25.030069 31.976753
121.54984 25.030067 32.12648
121.54985 25.030067 91.154778
121.54986 25.030069 31.853432
121.54987 25.030067 90.96656
121.54987 25.030066 31.064934
121.54989 25.030069 65.086861
121.5499 25.030066 30.547358
121.54991 25.030071 63.851669
121.54991 25.030069 63.851669
121.54993 25.030067 63.851669
121.54993 25.030071 63.851669
121.54993 25.030067 30.825979
121.54996 25.030069 63.122101
121.54996 25.030071 31.714922
121.54997 25.030069 31.242331
121.54999 25.030067 31.13612
121.54999 25.030066 30.884275
121.55 25.030069 30.765404
121.55001 25.030067 30.056307
121.55002 25.030069 30.691511
121.55003 25.030069 52.798283
121.54887 25.030073 9.8084993
121.54887 25.030071 9.199893
121.54888 25.030075 9.9228258
121.54888 25.030075 10.070646
121.5489 25.030075 108.67751
121.5489 25.030073 108.67751
121.54891 25.030071 108.67751
121.54891 25.030075 108.67751
121.54892 25.030077 10.495257
121.54893 25.030075 10.532585
121.54893 25.030073 10.316762
121.54895 25.030075 10.855301
121.54895 25.030075 126.07481
121.54897 25.030073 130.24112
121.54897 25.030073 130.74924
121.54897 25.030075 130.74924
121.54898 25.030073 9.7564611
121.54899 25.030073 127.55171
121.549 25.030077 125.75734
121.549 25.030073 124.97961
121.549 25.030073 8.9395533
121.54901 25.030077 8.8251486
121.54903 25.030073 8.6871252
121.54903 25.030073 8.6201668
121.54903 25.030071 8.6394415
121.54905 25.030075 8.5389738
121.54906 25.030073 64.315918
121.54906 25.030071 8.4802599
121.54906 25.030075 65.026749
121.54907 25.030075 62.574879
121.54908 25.030073 9.1222019
121.54909 25.030075 15.631663
121.5491 25.030073 15.109262
121.5491 25.030073 15.109262
121.54911 25.030077 15.069694
121.54911 25.030071 14.325689
121.54912 25.030075 12.63478
121.54921 25.030075 72.997192
121.54922 25.030073 73.474579
121.54922 25.030071 73.264412
121.54924 25.030073 73.08651
121.54925 25.030077 73.20195
121.54926 25.030075 73.14489
121.54926 25.030073 73.015778
121.54927 25.030077 72.9795
121.54928 25.030075 72.936783
121.54929 25.030073 72.998505
121.54929 25.030071 72.972939
121.5493 25.030075 72.739456
121.54931 25.030073 72.432327
121.54932 25.030071 72.460831
121.54932 25.030075 72.522964
121.54933 25.030073 72.600456
121.54934 25.030071 72.580452
121.54934 25.030075 70.746719
121.54935 25.030075 72.303345
121.54936 25.030073 72.337463
121.54936 25.030071 72.428223
121.54937 25.030075 72.1437
121.54938 25.030073 72.152283
121.54939 25.030073 72.21077
121.54939 25.030075 72.244644
121.5494 25.030073 72.172943
121.5494 25.030073 72.17588
121.54942 25.030075 72.249947
121.54942 25.030075 72.296242
121.54942 25.030073 72.325653
121.54944 25.030075 72.146927
121.54944 25.030075 71.99649
121.54945 25.030073 137.20705
121.54945 25.030071 72.62571
121.54946 25.030075 72.521904
121.54947 25.030075 137.22292
121.54948 25.030071 72.663269
121.54948 25.030075 72.3965
121.54949 25.030073 72.011078
121.5495 25.030071 72.946716
121.54951 25.030071 73.047005
121.54951 25.030075 72.547585
121.54952 25.030073 73.125015
121.54952 25.030071 73.210503
121.54953 25.030075 73.169342
121.54955 25.030073 72.785286
121.54955 25.030071 72.608025
121.54955 25.030075 72.240944
121.54957 25.030073 72.066864
121.54957 25.030071 70.870804
121.54958 25.030075 71.42083
121.54958 25.030075 87.136047
121.54959 25.030075 89.215813
121.5496 25.030073 89.215813
121.54961 25.030075 88.563568
121.54961 25.030075 88.757324
121.54962 25.030073 89.163795
121.54963 25.030071 89.905884
121.54963 25.030075 88.413994
121.54964 25.030075 88.543045
121.54965 25.030071 88.623871
121.54966 25.030075 87.52713
121.54966 25.030075 91.122528
121.54967 25.030071 94.342575
121.54967 25.030077 93.873611
121.54968 25.030075 75.632233
121.5497 25.030071 89.225929
121.5497 25.030077 111.19317
121.5497 25.030077 75.569656
121.54971 25.030073 75.569656
121.54972 25.030073 29.951363
121.54974 25.030071 30.293121
121.54974 25.030071 80.9963
121.54974 25.030077 80.932968
121.54975 25.030073 30.153679
121.54976 25.030075 28.604216
121.54977 25.030075 28.927723
121.54977 25.030073 28.927723
121.54978 25.030075 29.742952
121.54979 25.030073 29.090631
121.5498 25.030073 31.176186
121.5498 25.030073 81.618004
121.54981 25.030071 81.680733
121.54981 25.030075 81.077293
121.54983 25.030071 31.842537
121.54984 25.030075 31.810165
121.54984 25.030073 31.810165
121.54986 25.030071 88.998032
121.54986 25.030071 89.989525
121.54987 25.030071 28.474899
121.54988 25.030075 29.100609
121.54989 25.030073 30.034592
121.5499 25.030073 63.851669
121.5499 25.030077 63.851669
121.54991 25.030075 63.851669
121.54992 25.030073 63.851669
121.54993 25.030075 62.944801
121.54993 25.030073 31.567265
121.54994 25.030071 32.040714
121.54995 25.030075 30.758156
121.54996 25.030073 31.09659
121.54996 25.030073 31.631556
121.54997 25.030075 30.5327
121.54998 25.030073 30.782389
121.54998 25.030073 30.565641
121.54999 25.030075 31.665596
121.55 25.030075 31.427565
121.55 25.030073 32.139481
121.55002 25.030075 30.900673
121.55003 25.030073 30.900673
121.54887 25.030077 7.9392581
121.54887 25.030077 10.116131
121.54887 25.030081 10.549026
121.54888 25.030079 10.644964
121.54889 25.030079 10.248693
121.5489 25.030077 9.8852444
121.5489 25.030079 108.67751
121.54891 25.030081 108.67751
121.54892 25.030081 108.67751
121.54893 25.030081 10.887014
121.54893 25.030079 10.705329
121.54893 25.030077 10.697487
121.54895 25.030079 11.455406
121.54896 25.030079 11.57853
121.54897 25.030077 130.24112
121.54897 25.030081 125.63239
121.54897 25.030081 127.83486
121.54899 25.030077 9.4353266
121.549 25.030081 125.88743
121.549 25.030081 9.3148842
121.549 25.030079 124.7653
121.54901 25.030077 124.63558
121.54902 25.030081 51.455956
121.54903 25.030079 8.610507
121.54903 25.030077 8.5969448
121.54904 25.030081 8.6555805
121.54905 25.030079 8.7516718
121.54906 25.030077 8.9928856
121.54906 25.030081 10.310498
121.54907 25.030079 10.310498
121.54908 25.030077 15.655813
121.54909 25.030081 15.768421
121.54909 25.030081 15.918258
121.54911 25.030081 15.917941
121.54911 25.030079 13.373773
121.54912 25.030077 13.373773
121.54915 25.030081 67.416412
121.54921 25.030079 73.210648
121.54922 25.030077 73.477158
121.54923 25.030079 73.338135
121.54924 25.030079 73.338547
121.54924 25.030077 73.281868
121.54926 25.030079 73.207474
121.54926 25.030079 73.149681
121.54926 25.030077 73.064171
121.54928 25.030079 73.000114
121.54929 25.030079 72.993347
121.54929 25.030077 73.006546
121.5493 25.030081 72.876228
121.54931 25.030079 72.588959
121.54931 25.030079 71.782028
121.54932 25.030081 72.222839
121.54932 25.030081 72.337051
121.54932 25.030079 72.449875
121.54934 25.030077 72.448364
121.54935 25.030081 72.067032
121.54935 25.030079 71.979416
121.54936 25.030081 72.360313
121.54937 25.030081 72.339104
121.54937 25.030079 72.29747
121.54939 25.030081 73.242691
121.54939 25.030081 70.583138
121.54939 25.030081 73.029541
121.5494 25.030077 72.430145
121.54941 25.030081 72.546303
121.54942 25.030079 70.906517
121.54942 25.030077 72.025681
121.54943 25.030077 72.146927
121.54944 25.030081 71.993164
121.54945 25.030079 140.93501
121.54945 25.030077 140.93501
121.54946 25.030081 72.071068
121.54947 25.030079 72.18457
121.54948 25.030077 72.254814
121.54948 25.030081 71.747574
121.54949 25.030079 72.011078
121.5495 25.030077 72.172691
121.5495 25.030077 72.450165
121.54951 25.030079 72.783722
121.54952 25.030077 72.980904
121.54953 25.030081 72.452728
121.54954 25.030079 72.403862
121.54955 25.030077 72.290268
121.54955 25.030081 71.788857
121.54956 25.030079 71.798676
121.54956 25.030079 71.769478
121.54957 25.030077 71.838287
121.54958 25.030081 87.136047
121.54958 25.030081 72.360413
121.54959 25.030081 73.547646
121.54961 25.030077 87.487221
121.54961 25.030077 88.136658
121.54961 25.030081 87.887375
121.54962 25.030077 88.264786
121.54963 25.030077 88.30407
121.54963 25.030081 87.124718
121.54964 25.030077 87.553719
121.54965 25.030077 87.560112
121.54966 25.030081 86.487518
121.54967 25.030079 86.337044
121.54967 25.030077 93.873611
121.54967 25.030081 111.84538
121.54969 25.030079 110.77251
121.54969 25.030077 111.19317
121.5497 25.030081 110.53829
121.54971 25.030081 75.569656
121.54973 25.030079 29.805801
121.54973 25.030077 30.026033
121.54974 25.030079 29.807838
121.54974 25.030079 136.80597
121.54975 25.030079 105.85153
121.54977 25.030079 28.818745
121.54977 25.030079 28.927723
121.54977 25.030077 28.927723
121.54979 25.030079 28.927723
121.5498 25.030079 28.92487
121.5498 25.030077 31.176186
121.54981 25.030077 81.077293
121.54981 25.030081 81.415421
121.54982 25.030079 81.74118
121.54984 25.030077 80.722267
121.54984 25.030079 28.412689
121.54984 25.030077 28.7169
121.54985 25.030081 29.00754
121.54987 25.030079 28.821259
121.54987 25.030077 28.797087
121.54988 25.030081 88.902061
121.54989 25.030079 30.007902
121.5499 25.030081 32.068226
121.5499 25.030079 30.645636
121.54991 25.030077 30.871477
121.54992 25.030079 63.354515
121.54993 25.030079 33.152126
121.54993 25.030077 32.058174
121.54994 25.030081 33.87175
121.54997 25.030081 31.785103
121.54997 25.030079 31.438517
121.54998 25.030077 31.312004
121.55 25.030081 32.794365
121.55 25.030079 32.712093
121.55001 25.030077 30.900673
121.55002 25.030079 30.900673
121.55003 25.030079 30.900673
121.54886 25.030085 11.288764
121.54887 25.030083 10.738738
121.54887 25.030087 10.856503
121.54888 25.030085 10.920327
121.54889 25.030083 10.779696
121.5489 25.030087 10.810232
121.5489 25.030085 11.245312
121.54891 25.030087 108.67751
121.54892 25.030085 108.67751
121.54892 25.030087 11.438
121.54893 25.030085 10.815846
121.54894 25.030083 130.58707
121.54894 25.030087 126.10933
121.54896 25.030085 126.10933
121.54896 25.030083 126.36216
121.54897 25.030083 126.17318
121.54898 25.030085 125.87575
121.54898 25.030083 127.76225
121.54899 25.030083 9.3656416
121.549 25.030085 8.8644934
121.549 25.030085 125.31376
121.54901 25.030083 125.06839
121.54902 25.030087 125.26948
121.54903 25.030085 51.455956
121.54903 25.030083 8.3195982
121.54904 25.030085 7.8969593
121.54904 25.030085 8.1094542
121.54905 25.030083 8.3840313
121.54906 25.030085 8.9709415
121.54907 25.030085 15.072895
121.54908 25.030083 15.768421
121.54909 25.030085 16.346838
121.5491 25.030085 16.241764
121.5491 25.030083 15.917941
121.54911 25.030083 13.373773
121.54912 25.030083 13.373773
121.54912 25.030083 14.280371
121.54913 25.030083 66.524284
121.54914 25.030083 66.821144
121.54916 25.030085 67.523094
121.54919 25.030083 70.913101
121.54921 25.030085 74.190994
121.54922 25.030083 74.064865
121.54922 25.030085 73.568436
121.54923 25.030085 73.427963
121.54924 25.030083 73.450363
121.54925 25.030087 73.383408
121.54926 25.030085 73.26268
121.54926 25.030083 73.185722
121.54927 25.030087 73.024078
121.54928 25.030085 72.98333
121.54929 25.030083 73.000885
121.54929 25.030087 72.988823
121.54929 25.030087 73.004684
121.5493 25.030085 72.904892
121.54932 25.030083 72.317886
121.54932 25.030087 72.322334
121.54932 25.030085 72.253754
121.54933 25.030083 72.228439
121.54934 25.030087 72.588524
121.54935 25.030085 72.600433
121.54935 25.030083 72.384766
121.54936 25.030087 74.178719
121.54937 25.030085 73.842468
121.54938 25.030083 73.33886
121.54939 25.030087 74.720947
121.54939 25.030085 74.37793
121.54941 25.030087 74.177727
121.54941 25.030085 71.077003
121.54942 25.030085 72.382538
121.54943 25.030083 72.09166
121.54943 25.030087 72.590965
121.54944 25.030085 72.262596
121.54945 25.030083 140.93501
121.54945 25.030083 140.93501
121.54946 25.030085 72.003441
121.54947 25.030083 71.738922
121.54948 25.030087 72.298225
121.54948 25.030087 72.390762
121.54949 25.030083 72.114372
121.5495 25.030087 72.831192
121.54951 25.030085 72.827477
121.54951 25.030083 72.649757
121.54952 25.030087 73.168762
121.54953 25.030087 73.168762
121.54954 25.030083 71.000061
121.54955 25.030083 72.084755
121.54955 25.030087 71.457001
121.54956 25.030085 71.566643
121.54957 25.030087 72.64196
121.54958 25.030085 70.893204
121.54958 25.030085 71.350151
121.54959 25.030087 73.547646
121.5496 25.030085 73.547646
121.54961 25.030087 86.578072
121.54961 25.030085 86.578072
121.54962 25.030083 87.574974
121.54963 25.030083 87.309341
121.54964 25.030085 86.350769
121.54964 25.030085 86.342255
121.54964 25.030083 75.336777
121.54965 25.030087 86.104919
121.54966 25.030085 86.021255
121.54967 25.030087 93.873611
121.54967 25.030087 111.63666
121.54968 25.030085 111.76678
121.54969 25.030087 111.45243
121.5497 25.030083 75.644432
121.54971 25.030085 109.64308
121.54974 25.030087 29.584803
121.54974 25.030085 29.59819
121.54975 25.030083 29.585688
121.54976 25.030083 104.49786
121.54976 25.030085 29.150675
121.54977 25.030085 28.669235
121.54978 25.030087 28.927723
121.54978 25.030085 28.927723
121.54979 25.030085 28.927723
121.5498 25.030083 81.75499
121.54981 25.030087 124.96513
121.54981 25.030085 125.00071
121.54983 25.030083 81.847061
121.54984 25.030083 81.847061
121.54984 25.030085 28.984093
121.54985 25.030085 27.900084
121.54986 25.030085 27.900084
121.54987 25.030083 27.515108
121.54987 25.030085 27.515108
121.54988 25.030087 88.902061
121.54989 25.030087 66.945358
121.5499 25.030087 33.130066
121.5499 25.030085 31.566847
121.54991 25.030083 32.068947
121.54993 25.030085 33.152126
121.54993 25.030087 59.140717
121.54993 25.030085 64.052979
121.54994 25.030087 33.87175
121.54996 25.030085 33.71611
121.54996 25.030083 33.71611
121.54997 25.030085 32.181942
121.54998 25.030083 32.119022
121.54999 25.030083 32.358624
121.55 25.030085 31.729601
121.55 25.030083 30.900673
121.55001 25.030087 30.900673
121.55003 25.030085 30.900673
121.54886 25.030088 11.433142
121.54887 25.030088 10.993527
121.54887 25.03009 10.938055
121.54888 25.03009 10.937654
121.54889 25.030088 10.986915
121.5489 25.03009 10.601678
121.5489 25.03009 11.009952
121.54891 25.030088 11.689673
121.54892 25.03009 7.82091
121.54893 25.03009 124.72478
121.54893 25.030088 112.6897
121.54894 25.030088 112.6897
121.54894 25.030092 125.02701
121.54896 25.030088 127.62279
121.54896 25.030088 125.71994
121.54897 25.03009 33.764103
121.54898 25.030088 125.97437
121.54899 25.030088 125.97437
121.54899 25.030087 126.18768
121.549 25.03009 8.0738239
121.549 25.030088 8.1310482
121.54901 25.030092 126.71014
121.54902 25.03009 51.455956
121.54903 25.03009 51.455956
121.54903 25.030088 51.455956
121.54904 25.030092 51.455956
121.54905 25.030088 9.2723846
121.54905 25.030088 15.413345
121.54906 25.03009 14.797903
121.54906 25.03009 12.090795
121.54907 25.03009 14.2638
121.54909 25.03009 15.206358
121.5491 25.03009 16.163502
121.5491 25.030088 16.31196
121.5491 25.030092 15.719113
121.54911 25.03009 15.719113
121.54912 25.03009 14.888322
121.54913 25.03009 67.205902
121.54913 25.03009 67.205902
121.54913 25.030088 66.847496
121.54916 25.03009 68.488495
121.54916 25.03009 68.342987
121.54918 25.030092 68.777695
121.54919 25.030088 70.685005
121.5492 25.030092 74.475861
121.54921 25.03009 74.827591
121.54922 25.030088 74.042358
121.54922 25.030092 74.077545
121.54923 25.03009 73.52845
121.54924 25.030088 73.484993
121.54925 25.030092 73.532425
121.54925 25.03009 73.414322
121.54926 25.030088 73.182373
121.54926 25.03009 72.258499
121.54927 25.030092 73.14566
121.54928 25.030088 72.922264
121.54929 25.030088 72.918343
121.54929 25.030092 73.126404
121.5493 25.03009 72.958145
121.54931 25.030088 72.891533
121.54931 25.030092 73.382324
121.54932 25.03009 72.907349
121.54933 25.030088 72.791275
121.54934 25.030092 74.394531
121.54935 25.03009 74.43058
121.54935 25.030088 74.407043
121.54935 25.030088 74.327881
121.54937 25.03009 73.842468
121.54938 25.030088 70.232368
121.54938 25.030088 75.143738
121.54939 25.03009 76.158501
121.54939 25.030088 70.202827
121.5494 25.030088 75.203445
121.54942 25.030092 71.666763
121.54942 25.03009 72.719505
121.54942 25.030088 72.492798
121.54943 25.030088 71.329521
121.54945 25.030088 72.889801
121.54945 25.03009 72.393982
121.54947 25.030088 72.262398
121.54948 25.030092 72.927185
121.54948 25.03009 73.1063
121.54949 25.030088 72.98391
121.5495 25.030087 72.886284
121.5495 25.03009 70.680397
121.54951 25.03009 72.827477
121.54951 25.030088 73.290848
121.54952 25.030092 72.216957
121.54953 25.03009 72.722023
121.54954 25.030088 72.013657
121.54954 25.030088 70.856461
121.54955 25.03009 71.690346
121.54956 25.030088 71.740257
121.54957 25.030092 71.740257
121.54958 25.030087 71.399811
121.54958 25.03009 71.237541
121.54958 25.03009 73.205025
121.5496 25.030092 74.389503
121.5496 25.030087 87.006493
121.54961 25.03009 74.389503
121.54962 25.030088 87.121628
121.54962 25.030088 87.230232
121.54963 25.030092 75.336777
121.54964 25.030088 85.761253
121.54964 25.030088 85.79657
121.54965 25.030087 86.040314
121.54966 25.030088 85.48922
121.54967 25.030088 85.48922
121.54967 25.030092 85.439133
121.54968 25.030088 85.311493
121.54968 25.030088 110.7652
121.5497 25.030092 111.64042
121.54971 25.03009 75.569656
121.54971 25.030088 108.65417
121.54973 25.030087 29.447386
121.54974 25.03009 29.569689
121.54975 25.03009 93.076706
121.54975 25.030088 29.570013
121.54976 25.03009 29.364983
121.54977 25.030088 29.139065
121.54977 25.030088 28.927723
121.54979 25.03009 124.30882
121.5498 25.030088 124.75074
121.5498 25.030088 81.75499
121.54981 25.030088 28.839783
121.54981 25.03009 124.29382
121.54982 25.030088 124.04025
121.54984 25.03009 29.002928
121.54984 25.030088 29.002928
121.54984 25.030087 29.012569
121.54985 25.03009 28.121975
121.54986 25.030088 27.900084
121.54987 25.030088 27.515108
121.54987 25.030088 47.190849
121.54988 25.030088 66.866493
121.54988 25.030092 66.550301
121.5499 25.03009 66.791809
121.5499 25.03009 67.073677
121.54991 25.030088 29.68689
121.54993 25.03009 33.152126
121.54993 25.030088 33.152126
121.54993 25.030088 33.87175
121.54994 25.03009 36.051105
121.54995 25.030092 57.945389
121.54996 25.030088 33.71611
121.54996 25.03009 33.71611
121.54997 25.03009 33.71611
121.54998 25.030087 31.596876
121.55 25.03009 31.135935
121.55 25.030088 30.478508
121.55001 25.030092 31.544134
121.55003 25.030088 30.916393
121.54886 25.030094 11.779847
121.54887 25.030098 11.408913
121.54887 25.030096 10.684344
121.54888 25.030094 10.658388
121.5489 25.030098 8.1956148
121.5489 25.030096 9.8793583
121.5489 25.030096 9.8397636
121.54891 25.030092 11.043605
121.54892 25.030098 10.540372
121.54892 25.030096 10.40373
121.54893 25.030092 10.573809
121.54893 25.030092 125.64644
121.54894 25.030096 11.474068
121.54895 25.030096 32.685219
121.54896 25.030094 125.97437
121.54897 25.030098 127.65305
121.54897 25.030094 8.5808783
121.54898 25.030096 33.943512
121.54899 25.030098 35.515381
121.549 25.030096 7.0221453
121.549 25.030094 126.8525
121.54901 25.030098 128.55911
121.54902 25.030096 51.455956
121.54903 25.030096 51.455956
121.54903 25.030094 51.455956
121.54904 25.030096 51.455956
121.54905 25.030098 75.889076
121.54906 25.030096 75.889076
121.54906 25.030096 14.797903
121.54907 25.030094 15.099123
121.54907 25.030098 75.889076
121.54908 25.030092 13.822961
121.54909 25.030096 14.17965
121.5491 25.030094 15.5845
121.54911 25.030096 15.384133
121.54911 25.030094 15.384133
121.54912 25.030096 14.662682
121.54913 25.030096 67.205902
121.54913 25.030094 67.205902
121.54914 25.030092 66.847496
121.54917 25.030098 70.663177
121.54919 25.030094 74.688347
121.54919 25.030098 74.178856
121.54921 25.030094 74.98629
121.54922 25.030092 74.844154
121.54922 25.030096 74.198227
121.54923 25.030094 73.474617
121.54924 25.030092 73.514099
121.54924 25.030098 73.571762
121.54926 25.030094 73.469696
121.54926 25.030094 73.349075
121.54926 25.030098 73.547218
121.54928 25.030096 73.377304
121.54928 25.030094 73.272362
121.54929 25.030092 73.193016
121.54929 25.030096 73.282776
121.5493 25.030094 73.128151
121.54931 25.030092 73.134605
121.54932 25.030096 73.701797
121.54932 25.030094 73.701797
121.54933 25.030094 72.791275
121.54934 25.030096 74.485016
121.54935 25.030094 74.43058
121.54935 25.030094 74.407043
121.54936 25.030096 73.291565
121.54937 25.030094 72.882637
121.54937 25.030094 76.770927
121.54939 25.030098 71.078934
121.54939 25.030096 74.885994
121.54939 25.030094 74.83757
121.54941 25.030098 73.495255
121.54941 25.030096 73.495255
121.54942 25.030096 71.517075
121.54942 25.030092 72.492798
121.54944 25.030096 71.574738
121.54944 25.030094 70.907578
121.54945 25.030096 72.406128
121.54945 25.030096 72.596069
121.54946 25.030094 72.667168
121.54947 25.030092 72.927185
121.54948 25.030096 72.017593
121.54948 25.030094 71.982338
121.54949 25.030098 72.634048
121.5495 25.030096 72.634048
121.54951 25.030096 72.634048
121.54951 25.030092 72.311211
121.54952 25.030094 71.195732
121.54953 25.030096 71.792503
121.54954 25.030094 71.509453
121.54955 25.030092 71.149986
121.54955 25.030096 70.761292
121.54956 25.030094 70.906654
121.54957 25.030098 72.480354
121.54957 25.030096 70.428368
121.54959 25.030096 73.205025
121.54959 25.030094 73.205025
121.5496 25.030096 74.389503
121.54961 25.030094 74.389503
121.54961 25.030096 73.47538
121.54962 25.030096 73.47538
121.54963 25.030096 85.761253
121.54964 25.030096 85.761253
121.54964 25.030094 85.761253
121.54965 25.030096 85.79657
121.54966 25.030096 85.48922
121.54966 25.030094 85.48922
121.54967 25.030098 85.48922
121.54967 25.030096 85.439133
121.54968 25.030094 75.341682
121.54969 25.030092 85.311493
121.5497 25.030096 85.817505
121.5497 25.030096 85.817505
121.54972 25.030096 83.674202
121.54973 25.030096 29.493052
121.54974 25.030096 29.564186
121.54974 25.030094 29.530605
121.54975 25.030098 29.597059
121.54976 25.030096 29.63851